Output At : 2015-07-31 23:00:03
30509, 23950, 
28803, 19351, 
28640, 19712, 
28691, 20034, 
28644, 19781, 
28676, 19395, 
28789, 19527, 
28572, 20048, 
28624, 20182, 
29293, 20522, 
28575, 20620, 
27836, 22139, 
28231, 22819, 
28288, 22709, 
28490, 22320, 
28512, 21884, 
28544, 22126, 
28424, 22274, 
28485, 22365, 
24, [32856, 26968], [0.11705175580141866, 0.17050509776851344], 
12, [32583, 26203], [0.010491644541418842, 0.01474793509115621], 
14, [33200, 26516], [0.017526990119514873, 0.06961583224156309], 
16, [33402, 27037], [0.18523744707413975, 0.14204242859955796], 
18, [32022, 27033], [0.1805679931327862, 0.15007671490853988], 
22, [32113, 26217], [0.07112126884756255, 0.08122561111496898], 
20, [33623, 27456], [0.07558405587441124, 0.47094928384757245], 
32793, 27100, 
